#From Dataset.csv This Is Data For Tremors
sensor_data = [
    [-2544, 14340, -6864, 3840, -335, -1518],
    [-2380, 14188, -5644, 3888, 1635, -9604],
    [-524, 14480, -7148, 3888, -1663, -1491],
    [-528, 15052, -6672, 3904, 461, -4012],
    [-2808, 14040, -5936, 3904, 595, -339],
    [152, 14872, -6996, 3936, 704, 984],
    [-636, 14988, -6836, 3936, 1622, -3290],
    [-716, 14388, -7040, 3952, 296, 179],
    [-2456, 14196, -7584, 3952, -960, -91],
    [-2008, 14092, -7136, 3952, -448, -321],
    [-1224, 14264, -6732, 3952, -1394, 2425],
    [1356, 11692, -11328, 3952, 48, 530],
    [-80, 14880, -7036, 3968, 1145, 3629],
    [-1524, 14348, -6936, 3968, 1421, -101],
    [-1784, 14440, -6996, 3968, -389, -341],
    [-1840, 14336, -7012, 3968, -834, 941],
    [-1940, 14320, -6380, 3968, -798, -113],
    [-672, 14648, -6540, 3968, 565, 3321],
    [-1832, 14900, -7552, 3968, 2363, -2584]
]
result_df = test_tremor_model(sensor_data, model)
print(result_df)


#From Dataset.csv This Is Data For No Tremors

sensor_data = [
    [-5256, 928, -14992, 6000, 39, 326],
    [-5288, 976, -15032, 6000, 37, 352],
    [-5288, 1060, -15096, 6000, 88, 295],
    [-5272, 1004, -14964, 6000, 60, 410],
    [-5256, 920, -15008, 6000, 25, 313],
    [-5376, 1016, -15044, 6000, 53, 372],
    [-5244, 1004, -14940, 6000, 25, 338],
    [-5228, 1000, -14968, 6000, 29, 392],
    [-5136, 980, -15028, 6000, 38, 339],
    [-5204, 1044, -14940, 6000, 55, 376],
    [-5236, 1028, -15040, 6000, 40, 335],
    [-5224, 1052, -14988, 6000, 39, 367],
    [-5188, 1088, -15044, 6000, 63, 389],
    [-5136, 1128, -15128, 6000, -5, 332],
    [-5216, 1036, -15040, 6000, 64, 368],
    [-5112, 1076, -14964, 6000, 47, 342],
    [-5128, 1044, -14952, 6000, 25, 393],
    [-5216, 1108, -15092, 6000, 39, 386],
    [-5108, 1120, -15072, 6000, 47, 382],
    [-5084, 1008, -15100, 6000, 13, 395],
    [-5108, 1124, -15076, 6000, 42, 426],
    [-5908, 1008, -15028, 6000, 453, 150]
]
result_df = test_tremor_model(sensor_data, model)
print(result_df)